2.62488936992461E-7 1.0005392092840246 
0.9999689934072646 5.871920711955099E-4 
0.7063688033257297 0.16033407343124 
0.9769590056113093 0.012236788679855084 
0.35200245950242925 0.4080154496787123 
0.730975042276081 0.1457550869780358 
0.06791561164066301 0.7403747232316827 
0.253890951444476 0.49695308417607625 
0.8880254140477994 0.05818333684914463 
0.9562069936418134 0.022656060183648404 
0.5144526551197289 0.2835298029131827 
0.6666206727283174 0.18427795218568832 
0.9047522413523041 0.049786466280077046 
0.059341710521246704 0.7575129590864805 
0.1202406325152387 0.6540795275249203 
0.37405861435609367 0.38940269299227337 
0.39756345857759356 0.371557423346288 
4.093418693793538E-4 0.9808262737636566 
0.21901117398782122 0.5401920623023259 
0.49915482117119114 0.2942897687558433 
0.2040759769666342 0.5565552478679442 
0.804509043952523 0.1038192141067574 
0.0797348451427844 0.7240726718292528 
0.412416772427597 0.3588989845493909 
0.6201473044964703 0.21320534567319688 
0.09151430687353507 0.6990244236659303 
0.43182495341905425 0.34360211617507047 
0.027481507440200496 0.8352547000755907 
0.17575705357082955 0.5816744784610594 
0.13310078506274578 0.6363182007440848 
0.461544319673302 0.32151886292197934 
0.26665437484804966 0.48450907984443276 
0.3129694590980163 0.4423662475492228 
0.08360236156997436 0.7122714159864576 
0.5290475437589386 0.2748365294790696 
0.4746673179017237 0.31198659955202424 
0.6538152541033019 0.1919148835648979 
0.23975780821618453 0.5112254337373735 
0.6875065807185478 0.1715485281413472 
0.42086997535321513 0.3518884678211556 
0.008718614937907904 0.9086342625414203 
0.9993269762362285 0.003551732796049661 
0.34099364869942617 0.4168618005380198 
0.6445984598134482 0.19778866748212548 
0.6844609502307908 0.17328737517822757 
0.11366029143106793 0.6642247348103059 
0.8371130845499286 0.08562116376214303 
0.7885607780021258 0.1127261860684595 
0.870096180140018 0.06803536781290784 
0.5968054381536092 0.22820350576586368 
0.9370195460311742 0.03249122212037397 
0.10681577403949176 0.674155674659306 
0.326984752759819 0.42929919929033233 
0.13908418373093998 0.6284126888936645 
0.5660456935296754 0.24854120958304904 
0.023041403370411717 0.8490686056270906 
0.8165755830246394 0.09691345868151356 
0.7701306233614447 0.12293580740421894 
0.29752339806340583 0.4562364115399427 
0.006604212597418446 0.9198469154562992 
0.16927497104583536 0.5897541073965226 
0.942969850616737 0.029504230044017705 
0.5548734421292203 0.25598651573745657 
0.020894426230758545 0.8595737413272311 
0.1942592739790885 0.5602354489656471 
0.002150690381182041 0.9554987750843146 
0.45275092287438473 0.32805961793162475 
0.053630303261649026 0.7743392998113202 
0.8671815054849819 0.06944410810174308 
0.050173329688675106 0.7769588036200746 
0.3167354176872269 0.4383189392292478 
0.15878600846912577 0.6026260840828936 
0.14984727893678879 0.6139410581905033 
0.01218122597752691 0.8907407815673019 
0.33346683528503496 0.4236268344776629 
0.9203632573798364 0.04136134479666484 
0.5735109154339068 0.2437158371071921 
0.8524351998398816 0.07814333464106374 
0.22635045751550142 0.5338322277826796 
0.9219757174241644 0.04058407729430762 
0.5874874907825289 0.23464986767014387 
0.03311628157598892 0.8191905278376734 
0.48821712731044326 0.30210660322463245 
0.09854830125248659 0.6871368885706977 
0.7568311138564758 0.13102532660117505 
0.5487758169284971 0.260135220801124 
0.04381174291910102 0.7919386965782444 
0.27340127246657037 0.4792368673831268 
0.1625304841928032 0.5978358248942056 
0.2879238741129395 0.4645591525233294 
0.4436081161765583 0.33461250577502366 
0.8504737814125852 0.07858778197900256 
0.01314538838855589 0.8863888242863189 
0.23906314029461856 0.5173705369228634 
0.28027772309305976 0.4746295218662983 
0.6067623060605392 0.2217709508415916 
0.7438717802624573 0.138679188681786 
0.10084104201674027 0.6834066378741567 
0.5407058612162442 0.26567674301886524 
0.00424368661676069 0.9356262642864226 