89.15886742629141 97.09369310743841 13.809822958300789 13.490866634191363 17.607370042973393 94.33982646012348 10.353856439508533 96.19438629339935 89.6362591667709 81.07016501679209 43.962182605907905 54.53465079112557 46.440028980240356 44.649338572736454 5.1307897955739 2.807620771248448 
89.15886742629141 87.37635076687788 15.074730559558404 13.490866634191363 17.607370042973393 94.8931458002448 10.353856439508533 90.78598931227421 89.1190840898756 81.07016501679209 43.962182605907905 54.52123796560165 46.31326272896459 44.649338572736454 5.1307897955739 4.371451361476566 
88.73806852770987 97.09369310743841 13.809822958300789 13.490866634191363 17.607370042973393 94.33982646012348 6.912690865338892 96.19438629339935 89.6362591667709 81.07016501679209 43.962182605907905 54.5240978265211 46.439683668029296 44.649338572736454 5.1307897955739 2.8008713703435517 
89.0830082621898 97.09369310743841 13.809822958300789 13.490866634191363 17.607370042973393 94.33982646012348 10.353856439508533 93.2400304789125 89.6362591667709 81.07016501679209 43.962182605907905 54.535535433567055 46.440028980240356 53.7960779521938 5.1307897955739 2.8008925433094607 
88.73806852770987 97.09369310743841 13.809822958300789 13.490866634191363 17.607370042973393 94.33982646012348 6.912690865338892 93.11368436776209 89.6362591667709 81.07016501679209 43.962182605907905 54.523213184079616 46.439683668029296 44.649338572736454 5.1307897955739 2.8075995982825397 
90.45271965795568 87.37635076687788 15.074730559558404 13.490866634191363 17.607370042973393 94.8931458002448 10.353856439508533 90.78598931227421 89.1190840898756 81.07016501679209 43.962182605907905 54.52123796560165 46.31326272896459 44.649338572736454 4.100453529125561 4.371451361476566 
89.15886742629141 97.09369310743841 19.04431793293383 13.490866634191363 17.607370042973393 94.33982646012348 19.99935623104937 96.19438629339935 89.6362591667709 81.07016501679209 43.962182605907905 54.53465079112557 46.440028980240356 44.649338572736454 5.1307897955739 2.807620771248448 
89.15886742629141 87.37635076687788 15.074730559558404 12.072907598532392 17.607370042973393 97.23643963074969 12.255987151392098 90.78598931227421 89.1190840898756 84.823002248652 43.962182605907905 47.47579094132581 46.31326272896459 44.649338572736454 5.1307897955739 4.373945399558487 
89.33094967902147 97.22492856590766 16.195881541252007 13.342590071130411 17.60812254669933 92.36869817203271 6.865517843517618 93.11368436776209 89.75843699808554 92.49581243026144 43.962182605907905 54.523213184079616 46.439683668029296 49.527824808320744 5.2882281951339 2.8134694444546033 
89.15243062277955 97.09369310743841 13.809822958300789 13.490866634191363 17.607370042973393 94.33982646012348 6.912690865338892 96.19438629339935 89.6362591667709 81.07016501679209 43.962182605907905 54.5240978265211 46.439683668029296 44.649338572736454 5.1307897955739 2.807649242331956 
88.85804146681448 82.74121225960269 6.782709719758294 19.222367096735756 17.516135427361668 94.90018712164105 5.2828748999327075 94.38944666876151 88.43260863211061 84.22347792134524 43.962182605907905 54.509144935011456 45.19720592050234 49.00981098400227 5.201416849281293 3.1089983709423676 
89.15886742629141 87.37635076687788 15.074730559558404 10.954133271648525 17.607370042973393 97.21167879965321 12.255987151392098 90.64480631911813 89.1190840898756 84.823002248652 43.962182605907905 47.47579094132581 46.19139747336708 44.70240061746111 5.1307897955739 4.373945399558487 
88.84784946526298 97.09369310743841 13.809822958300789 13.490866634191363 17.607370042973393 94.33982646012348 5.25113966165154 93.11368436776209 89.6362591667709 81.2008548751683 43.962182605907905 54.523213184079616 46.439683668029296 49.188786856993694 5.085367486920567 2.807599923633862 
89.07492668421223 97.09369310743841 7.09899384402329 5.484207564014915 17.607424566691567 94.06651827811966 10.911154474305347 93.2400304789125 89.6362591667709 81.07016501679209 43.962182605907905 54.53667808180546 45.75996277068863 53.7960779521938 5.1307897955739 2.8075438569656517 
88.84784946526298 97.93254063603206 13.809822958300789 13.490866634191363 17.607370042973393 94.33982646012348 5.25113966165154 93.11368436776209 89.6362591667709 81.2008548751683 43.962182605907905 54.32362197826622 46.439683668029296 49.188786856993694 5.085367486920567 2.807599923633862 
88.81250914547658 90.11634552862819 17.279357573102615 13.490866634191363 17.607370042973393 94.34127705161177 19.99935623104937 96.19438629339935 89.6362591667709 80.0478924711538 43.96690488362528 54.89089536984498 46.438276963605034 54.44071583767875 5.024403650261826 2.807620771248448 
89.0830082621898 97.09369310743841 15.061744835629234 13.490866634191363 17.607370042973393 94.35839333444541 12.240872721102258 89.05465503683342 88.52838629768758 81.21388794692008 43.962182605907905 47.30762072339351 46.440028980240356 53.7960779521938 5.1307897955739 2.8008925433094607 
89.15886742629141 87.37635076687788 13.822808682229958 12.072907598532392 17.607370042973393 99.98050275841779 10.368970869798373 93.34770237195251 89.11392542807437 84.67927931852402 43.962182605907905 54.70370565149935 46.31326272896459 44.649338572736454 5.1307897955739 4.373945399558487 
89.07492668421223 97.09369310743841 7.09899384402329 5.484207564014915 17.607424566691567 94.06651827811966 10.911154474305347 93.2400304789125 89.6362591667709 81.07016501679209 43.962182605907905 54.53667808180546 45.75996277068863 53.7960779521938 5.1307897955739 2.8075438569656517 
88.73806852770987 97.09369310743841 13.809822958300789 13.490866634191363 17.607370042973393 94.33982646012348 6.912690865338892 96.19438629339935 89.6362591667709 81.07016501679209 49.49772003739844 54.5240978265211 46.439683668029296 44.649338572736454 5.1307897955739 2.8008713703435517 
88.48122210244708 93.87716032407616 13.809822958300789 12.024109353748537 17.607370042973393 94.33982646012348 6.895413249718078 96.08176038950307 88.36330332301513 81.07016501679209 43.962182605907905 54.5240978265211 46.439683668029296 44.491724238033036 5.1307897955739 2.8008713703435517 
88.87534750687813 97.09182324976518 13.809822958300789 13.524348179285017 17.61221452559879 94.33982646012348 7.782364495741439 93.11368436776209 89.6362591667709 81.2008548751683 43.962182605907905 54.523213184079616 46.585101520961224 49.186270630800315 5.085367486920567 3.1198015142592377 
89.07492668421223 97.4216322616417 6.046050431561653 5.995679452076334 17.607424566691567 94.06651827811966 10.913496250044313 92.73767544707778 89.6362591667709 81.07016501679209 43.962182605907905 54.53667808180546 45.75996277068863 57.06080510849179 5.1307897955739 2.8075438569656517 
91.84653977919615 82.3722810798513 15.074730559558404 12.072907598532392 16.032308639633953 97.23643963074969 12.255987151392098 90.78598931227421 89.11217079883261 84.823002248652 43.962182605907905 53.17293553220691 42.51385371056236 44.649338572736454 5.1307897955739 2.7809259222820266 
88.81250914547658 90.0594169140684 17.279357573102615 13.490866634191363 17.607370042973393 94.34127705161177 10.740540097545722 86.24363651533793 89.6362591667709 80.0478924711538 43.967100457491924 54.51423191412557 46.43885277535153 54.44071583767875 4.968403199814159 2.807620771248448 
88.73806852770987 97.09369310743841 13.809822958300789 7.4234500425525916 17.607370042973393 94.33982646012348 6.933396520987857 97.64188869575281 89.6362591667709 83.7350604848756 44.021627308028194 54.5240978265211 47.334836830437595 48.973561527058436 5.127504395053445 2.8008713703435517 
88.87534750687813 97.09182324976518 13.809822958300789 13.536138043376754 17.61221452559879 94.33982646012348 7.782364495741439 93.72144989545106 89.6362591667709 81.2008548751683 43.962182605907905 54.53753603361272 46.30252415363391 49.186270630800315 4.47277577127829 3.1198489260842734 
86.34147630510022 82.69929365919087 6.782709719758294 5.908672563370356 17.516135427361668 94.90018712164105 10.87191633443896 94.38944666876151 89.63453338314682 84.22347792134524 43.962182605907905 54.53743924168941 45.19720592050234 57.0694757078797 5.201416849281293 8.753231588417108 
89.15243062277955 81.63883098956332 13.968410179292416 13.33380845435843 17.607370042973393 94.26285573165306 6.912690865338892 95.64570482485729 90.36617932868107 84.85070801212933 43.962182605907905 54.5240978265211 46.444863407556745 44.649338572736454 5.1307897955739 2.807649242331956 
89.07445045767575 92.46207957619224 7.150380765780635 11.926469738877254 17.607370042973393 94.35839333444541 10.881193562716946 89.05465503683342 88.56295273616279 81.21388794692008 43.962182605907905 47.30762072339351 45.75346719362151 53.7960779521938 5.1307897955739 1.7097612008719927 
91.84653977919615 82.59208830267859 15.074730559558404 14.773146746046187 17.511765142262053 97.23643963074969 12.255987151392098 93.03845978615391 89.11699309587866 84.823002248652 43.962182605907905 53.17293553220691 39.80106628678722 44.649338572736454 11.610140845404938 2.7809259222820266 
89.15886742629141 87.30817005343079 15.074730559558404 13.490866634191363 17.607370042973393 94.34535552968309 10.40656727898205 96.42447510946381 89.6442146485151 81.07016501679209 43.962182605907905 54.52123796560165 46.31155614405949 44.649338572736454 5.1307897955739 4.430142199038023 
89.15243062277955 97.16186338518315 14.595643671195102 13.490866634191363 17.607370042973393 94.8876167306852 6.859980025865374 90.55590048933993 89.11112860813138 81.07016501679209 43.17991969146358 54.5240978265211 46.44139025293439 44.649338572736454 5.1307897955739 2.748958404770501 
88.73806852770987 97.09369310743841 13.809822958300789 13.490866634191363 17.607370042973393 94.33982646012348 6.907663835264515 90.8635088934606 89.65093582467088 81.07016501679209 43.962182605907905 54.52326080793046 46.439683668029296 44.649338572736454 5.146020480359822 2.8075995982825397 
90.45271965795568 87.37635076687788 15.074730559558404 13.490866634191363 17.607370042973393 94.8931458002448 10.35888346958291 93.0361647865757 89.1044074319756 81.07016501679209 43.962182605907905 54.5211903417508 46.31326272896459 44.649338572736454 4.085222844339639 4.371451361476566 
87.17240625131595 97.09369310743841 15.061744835629234 13.490866634191363 15.358622484511145 95.90330760058372 21.362796842398993 96.14588054920524 88.52838629768758 81.21388794692008 43.962182605907905 54.45897696243394 46.440028980240356 53.7960779521938 5.1307897955739 2.800677931047087 
89.15886742629141 97.09369310743841 19.04431793293383 13.490866634191363 17.607370042973393 94.33982646012348 12.393832494058238 89.10316076081806 89.6362591667709 81.07016501679209 43.962182605907905 47.38329455208515 46.440028980240356 44.649338572736454 5.1307897955739 2.807835383510822 
88.73218885203879 97.4216322616417 6.224314708750461 5.995679452076334 17.607424328738812 94.06651827811966 10.913496250044313 92.73767544707778 89.6362591667709 81.07016501679209 43.962182605907905 54.536936037082484 45.75996277068863 45.26406124553955 5.1307897955739 2.8007842385043893 
88.84784946526298 97.09369310743841 13.809822958300789 13.490866634191363 17.607370042973393 94.33982646012348 5.25113966165154 93.11368436776209 89.6362591667709 81.2008548751683 43.962182605907905 54.523213184079616 49.99794647349055 49.188786856993694 5.085367486920567 2.807599923633862 
90.92882237649918 87.37635076687788 15.074730559558404 10.954133271648525 17.607370042973393 97.18659351449672 12.255987151392098 90.61212641125914 89.62067262823707 84.823002248652 43.962182605907905 47.47579094132581 46.44609415401244 45.3711099788741 5.1307897955739 4.373945399558487 
90.10553747093404 97.09369310743841 6.321534036032246 5.766277980639466 17.607424566691567 94.08108178236189 10.930909711152461 93.2400304789125 89.61884224190844 81.07016501679209 43.962182605907905 54.53667808180546 45.75996277068863 53.86228557154341 8.332115018926839 2.8075438569656517 
88.73806852770987 97.09369310743841 13.809822958300789 13.490866634191363 17.607370042973393 92.07893067899766 6.912690865338892 96.19438629339935 89.6362591667709 81.07016501679209 49.49772003739844 54.5240978265211 46.439683668029296 44.649338572736454 5.1307897955739 2.8008713703435517 
89.15886742629141 87.37635076687788 13.822808682229958 13.433083518968902 21.742985259157045 99.65126301309398 10.508563073182586 93.34728369481795 89.11392542807437 86.33120491619968 43.962182605907905 54.67923859978771 46.312520378054494 44.649338572736454 5.1307897955739 4.351544339623569 
89.15886742629141 87.37635076687788 13.776467996972514 10.954133271648525 17.607370042973393 97.21167879965321 12.255987151392098 93.30399329882042 89.1190840898756 84.823002248652 43.962182605907905 47.47579094132581 46.19493266140172 44.70240061746111 5.1307897955739 4.373945399558487 
88.73219308698289 97.09969291788704 6.224314708750461 5.995679452076334 17.607424328738812 94.06651827811966 17.49587225558153 92.73767544707778 89.6362591667709 81.07016501679209 43.962182605907905 54.536936037082484 45.75996277068863 44.630488068735296 5.1307897955739 2.800870777838812 
88.73806429276577 97.41563245119309 13.809822958300789 13.490866634191363 17.607370042973393 94.33982646012348 10.96182360185524 96.19438629339935 89.6362591667709 81.07016501679209 43.962182605907905 54.5240978265211 46.439683668029296 45.28291174954071 5.1307897955739 2.800784831009129 
89.15245640062572 97.16186338518315 14.525246584810334 13.490866634191363 17.607364876365732 94.8876167306852 6.859980025865374 92.68218888200917 89.11112860813138 81.07016501679209 43.17991969146358 54.52455438681754 46.44139025293439 57.15476537417537 5.1307897955739 2.748958404770501 
88.73806852770987 97.09369310743841 13.809822958300789 13.490866634191363 17.607370042973393 94.33982646012348 6.907663835264515 93.23747710268347 89.63614464291115 81.07016501679209 43.962182605907905 52.489903053069234 46.43998643929374 44.649338572736454 5.130823652180255 2.807501607883079 
89.0830082621898 97.09369310743841 13.809822958300789 13.490866634191363 17.607370042973393 94.33982646012348 10.353856439508533 90.86606226968965 89.65105034853062 81.07016501679209 43.962182605907905 54.535535433567055 49.05682613215569 53.7960779521938 5.145986623753468 2.8009905337089216 
88.81250914547658 90.0594169140684 15.023902663704883 13.490866634191363 20.962803567072765 94.9324365137687 10.740540097545722 86.24363651533793 89.6362591667709 81.04192070201874 43.96703479297523 54.51408315476088 46.309915632962415 54.44071583767875 4.473912731770934 2.807620771248448 
89.15886742629141 87.37635076687788 17.330185468956135 13.490866634191363 17.607370042973393 94.30198633808784 10.353856439508533 90.78598931227421 89.1190840898756 80.07613678592715 43.962248270424595 54.521386724966334 46.44219987135371 44.649338572736454 5.130777937062145 4.371451361476566 
88.81250914547658 90.11634552862819 17.279357573102615 13.490866634191363 17.607370042973393 94.34127705161177 19.99935623104937 96.19438629339935 89.6362591667709 80.0478924711538 43.96690488362528 54.89089536984498 46.438276963605034 54.44071583767875 5.024403650261826 1.7367241347917508 
89.15886742629141 87.37635076687788 15.074730559558404 12.072907598532392 17.607370042973393 98.99820883397182 12.255987151392098 90.78598931227421 89.1190840898756 84.823002248652 43.962182605907905 47.47579094132581 46.31326272896459 44.649338572736454 5.1307897955739 2.624294600355203 
88.73806852770987 97.09369310743841 13.809822958300789 13.490866634191363 17.607370042973393 94.33982646012348 6.912690865338892 93.24268785627429 89.6362591667709 81.07016501679209 43.962182605907905 54.523212812604605 46.439683668029296 44.649338572736454 5.1307897955739 2.8077170649126795 
88.73806852770987 97.09369310743841 13.809822958300789 13.490866634191363 17.607370042973393 94.33982646012348 6.912690865338892 96.065382804887 89.6362591667709 83.9705186141627 49.49772003739844 54.5240981979961 46.439683668029296 44.649338572736454 5.1307897955739 2.8007539037134124 
90.92882237649918 87.37635076687788 15.074730559558404 10.298725519335838 17.607370042973393 97.18659351449672 12.255987151392098 90.61212641125914 89.62067262823707 84.823002248652 43.962182605907905 47.47579094132581 42.40408522179009 45.3711099788741 5.1307897955739 4.373945399558487 
90.10553747093404 97.09369310743841 6.321534036032246 5.766277980639466 17.607424566691567 94.08108178236189 10.930909711152461 93.2400304789125 89.61884224190844 81.07016501679209 43.962182605907905 54.53667808180546 43.67412202775328 53.70900528261148 8.332115018926839 2.8075438569656517 
89.15243062277955 97.09369310743841 5.759558929566866 13.490866634191363 17.607370042973393 94.33982646012348 6.912690865338892 92.91946520747918 89.6362591667709 81.20150885238506 43.962182605907905 54.52410441921314 48.55397495721054 44.51153326123506 5.1307897955739 2.8076509115120563 
88.73806852770987 87.34816907374558 15.135459675670903 13.490866634191363 17.607370042973393 95.20608858516347 10.40682596509123 96.19438629339935 89.6362591667709 81.07016501679209 43.83623011529629 54.5211548468914 46.42869790785237 44.649338572736454 4.117680622987071 5.018955712378519 
90.45271965795568 97.12186704755268 13.74909384218829 13.490866634191363 17.607370042973393 92.4655589970905 6.859721339756195 90.78598931227421 89.1190840898756 81.07016501679209 49.62367252801006 54.52418094523136 46.32424848914151 44.649338572736454 5.11356270171239 4.367653001636041 
91.84653977919615 82.46620753413245 15.074730559558404 9.467209451702802 16.032308639633953 97.24833691682801 12.255987151392098 93.18574285477538 89.63592137547393 84.823002248652 43.962182605907905 54.35424930825583 42.51385371056236 44.65803678116528 5.1307897955739 2.7809259222820266 
89.15868271509609 96.08711364496072 13.980909269993573 13.491402337237437 17.607370042973393 94.26285573165306 6.912690865338892 95.6838391673517 90.36617932868107 84.85070801212933 43.962182605907905 54.52372007658502 46.444863407556745 44.649338572736454 5.1307897955739 2.807649242331956 
89.76266699348197 82.73813902829609 13.064484890881921 19.193487347446816 17.491161101192777 94.58187568894407 5.2828748999327075 96.054585869324 88.43260863211061 84.22347792134524 43.962182605907905 54.48486910995628 45.19720592050234 49.00981098400227 5.201416849281293 3.197503197802238 
88.87534750687813 97.09182324976518 13.809822958300789 13.524348179285017 17.61221452559879 94.34165262353908 7.753049079675231 92.81877986877343 89.6362591667709 84.26339828275772 43.962182605907905 54.53414655093671 46.585101520961224 49.186547126215814 5.085367486920567 3.1198015142592377 
88.81250914547658 87.33023177766032 17.34874520707225 13.490866634191363 17.607370042973393 97.16265123798057 19.99935623104937 90.80423157571694 89.13899782961525 84.80639263396363 43.96690488362528 48.12884414927538 46.31094385480241 54.44071583767875 5.128403325805888 2.807620771248448 
88.73218885203879 97.4216322616417 6.224314708750461 5.995679452076334 17.607424328738812 94.06651827811966 10.913496250044313 92.73767544707778 89.6362591667709 81.07016501679209 43.962182605907905 54.536936037082484 45.75996277068863 45.26406124553955 5.1307897955739 2.8007842385043893 
87.17240625131595 97.09369310743841 15.061744835629234 16.91206159562338 15.358622484511145 95.90330760058372 21.362796842398993 96.14588054920524 88.52838629768758 81.21388794692008 43.962182605907905 54.45897696243394 46.440028980240356 53.7960779521938 5.1307897955739 2.800677931047087 
89.15886742629141 87.37635076687788 8.537133108732355 11.977935113962753 17.607370042973393 94.8931458002448 10.353856439508533 90.78598931227421 89.1190840898756 81.07016501679209 45.87132637472748 54.52123796560165 46.31326272896459 44.649338572736454 5.1307897955739 4.371451361476566 
88.48122210244708 93.87716032407616 13.809822958300789 12.024109353748537 17.607370042973393 94.33982646012348 6.895413249718078 96.50756026961655 88.36330332301513 81.07016501679209 43.962182605907905 54.5240978265211 46.439683668029296 45.87116319878921 5.1307897955739 2.8008713703435517 
89.15243062277955 89.74697168259961 13.809822958300789 13.490866634191363 17.607370042973393 94.33982646012348 6.912690865338892 96.19438629339935 89.6362591667709 81.07016501679209 43.962182605907905 54.52452750682388 46.43962036809943 44.649338572736454 5.1307897955739 2.807649242331956 
87.62268592483132 97.09369310743841 13.809822958300789 13.490866634191363 17.607370042973393 94.33982646012348 10.353856439508533 96.19438629339935 89.6362591667709 81.07016501679209 43.962182605907905 54.53465079112557 46.440028980240356 44.649338572736454 5.1307897955739 2.807620771248448 
86.3212965568176 82.72499491544632 14.64374316483034 5.908672563370356 17.516135427361668 94.90018712164105 10.881417442878695 94.38944666876151 89.63453338314682 84.22347792134524 43.962182605907905 54.53743924168941 45.19720592050234 57.06061981805412 5.201416849281293 8.753231588417108 
89.17904717457404 87.28246879717533 7.213697114614294 13.490866634191363 17.607370042973393 94.34535552968309 10.397066170542315 96.42447510946381 89.6442146485151 81.07016501679209 43.962182605907905 54.52123796560165 46.31155614405949 44.65819446256204 5.1307897955739 4.430142199038023 
88.74140396771038 97.09369310743841 13.809822958300789 13.479534379609902 17.60590168372989 94.33982646012348 6.907663835264515 90.87418415628508 89.65093582467088 81.07016501679209 43.84444044135011 54.50003594945948 46.10773237543245 44.649338572736454 3.3444803336203095 2.812175805146461 
90.51240100095121 87.37635076687788 15.074730559558404 10.954133271648525 17.607370042973393 97.21167879965321 12.244415519071246 93.07032985260861 89.1190840898756 84.69364224319537 43.962182605907905 47.47579094132581 45.590795851780456 44.70240061746111 4.062377025914028 4.371336769512628 
89.09918608329589 87.37635076687788 15.074730559558404 13.490866634191363 12.413430054472776 87.55358803978987 10.370455101903762 90.61064125308522 89.1044074319756 81.19952502224874 43.962182605907905 54.5211903417508 46.31349558875812 44.649338572736454 5.153635613999512 4.374059991522425 
89.16003224379476 87.34680473236553 13.784981286975135 12.072907598532392 17.607370042973393 99.98050275841779 10.368970869798373 93.34770237195251 89.11392542807437 84.67927931852402 43.962182605907905 54.70338241088718 46.31326272896459 48.32741727812573 5.1307897955739 4.373945399558487 
89.33094967902147 97.22492856590766 16.195881541252007 13.342590071130411 17.60812254669933 92.36869817203271 7.285533507813021 93.11368436776209 89.75843699808554 92.49581243026144 43.962182605907905 54.523213184079616 46.439683668029296 49.527824808320744 12.705663737161828 2.8134694444546033 
90.10702049737903 97.09369310743841 14.020640312180202 5.719404728333754 17.607370042973393 94.33415763093245 6.933396520987857 97.64188869575281 89.6362591667709 83.7350604848756 43.963399969191705 54.523269260012505 43.938013400208675 48.82611910670597 5.127504395053445 2.800839168892829 
88.84784946526298 97.93254063603206 13.809822958300789 13.490866634191363 17.607370042973393 94.3583452798785 7.975809184576622 89.21568141890705 89.65850801887433 81.2008548751683 43.962182605907905 47.43112812066036 46.439683668029296 49.188786856993694 5.085367486920567 2.8007421143859315 
89.15241914639498 87.37635076687788 17.28154930617316 13.490866634191363 17.607370042973393 94.30198633808784 6.845835047571218 90.78598931227421 89.11948881118842 80.07613678592715 43.962248270424595 54.521386724966334 46.44221019939739 44.649338572736454 5.130777937062145 4.371451361476566 
89.15887890267598 97.16186338518315 14.644279833978077 13.490866634191363 17.607370042973393 94.8876167306852 10.368001417802692 90.55590048933993 89.11072388681858 81.07016501679209 43.17991969146358 54.5240978265211 46.44137992489072 44.649338572736454 5.1307897955739 2.748958404770501 
87.17240625131595 97.13493128881689 15.074258774528532 13.490866634191363 15.358622484511145 97.25612236628325 12.298913419396094 93.0920598163775 89.12475861753286 81.21388794692008 43.962182605907905 49.68678727645796 46.440028980240356 53.7960779521938 5.136547753616007 2.800677931047087 
90.51240100095121 87.3351040071591 15.062216620659106 10.954133271648525 17.607370042973393 95.8588640339537 21.30829894207428 96.1241505854362 88.52271177003031 84.69364224319537 43.962182605907905 54.19247090350669 45.590795851780456 44.70240061746111 4.056619067871921 4.371336769512628 
88.73806852770987 97.09369310743841 13.809822958300789 15.963019042060173 17.607370042973393 94.33982646012348 6.907663835264515 93.23747710268347 89.63614464291115 81.07016501679209 43.962182605907905 52.489903053069234 46.43998643929374 44.649338572736454 5.130823652180255 2.807501607883079 
89.15886373149985 97.09369310743841 19.04431793293383 12.08653566549774 17.607370042973393 94.18688161876693 9.755758179623069 93.3376310493003 89.6362591667709 81.11157297667445 43.962182605907905 54.52892378434403 46.44207505481006 44.632881818783424 5.1307897955739 2.853447138152398 
89.15886742629141 93.8810137507266 13.809822958300789 13.490866634191363 17.607370042973393 94.33982646012348 6.905658950629611 96.08253181266089 89.6362591667709 81.07016501679209 43.962182605907905 40.616680561821354 46.43968988264234 44.649338572736454 5.1307897955739 2.807620771248448 
88.48122210244708 97.08983968077322 13.809822958300789 12.024109353748537 17.607370042973393 94.33982646012348 10.343610738597 96.19361487024155 86.8495977706662 81.07016501679209 42.3837833144691 54.534739066023675 46.440022765627305 44.491724238033036 5.1307897955739 2.8008713703435517 
88.73806852770987 87.14739786502874 15.135459675670903 13.26659415584401 17.607370042973393 94.27353133059766 10.40682596509123 96.19438629339935 90.31435005876094 84.7939534156043 43.83623011529629 54.521118885964505 46.44425246871946 44.649338572736454 4.117680622987071 5.018955712378519 
89.15243062277955 81.83960219828016 13.968410179292416 13.33380845435843 17.607370042973393 95.19541298621887 6.912690865338892 95.64570482485729 89.68808843669103 81.12691961331711 43.962182605907905 54.524133787448 46.42930884668966 44.649338572736454 5.1307897955739 2.807649242331956 
89.14298117401762 97.16222464436264 14.539369180336893 13.490866634191363 17.607370042973393 97.44854268438205 6.860421024624166 92.74834871635179 89.11358860391587 83.9705186141627 49.47262259368093 54.52453767658805 46.439608038655244 56.6761572487025 5.1307897955739 2.7478617283308986 
88.74754375431797 88.56313411411921 13.795700362774232 13.490866634191363 17.607364876365732 94.8876167306852 6.912249866580099 95.99922297054394 89.6337991709864 81.07016501679209 43.20501713518109 54.524114908225606 46.44146588230844 45.12794669820932 5.858153062588835 2.801850580153015 
88.81250914547658 90.0594169140684 17.279357573102615 13.490866634191363 7.200417941145867 94.34127705161177 10.740540097545722 86.24363651533793 90.32731295739154 80.0478924711538 43.967100457491924 54.51423191412557 46.43885277535153 54.44071583767875 4.968403199814159 2.807620771248448 
91.84653977919615 82.59208830267859 15.074730559558404 14.773146746046187 17.511765142262053 95.19729814878018 12.255987151392098 93.03845978615391 89.11699309587866 84.823002248652 43.962182605907905 53.17293553220691 39.80106628678722 44.649338572736454 11.610140845404938 2.7809259222820266 
89.33094967902147 97.22492856590766 13.856304835903376 13.489992935232195 17.60732918539395 92.36869817203271 6.865517843517618 90.90516875349503 89.75652920546354 81.54318152897689 40.957951730080474 54.523213184079616 46.46417533995775 49.527824808320744 5.278405725229454 2.8139017974975284 
88.73806852770987 97.09369310743841 13.809822958300789 13.490866634191363 17.607370042973393 94.33982646012348 6.912690865338892 93.11368436776209 89.6362591667709 81.07016501679209 43.962182605907905 54.01523132904279 46.439683668029296 43.18779021418753 5.1307897955739 2.745222276514514 
89.33094967902147 97.22492856590766 16.02264223261077 13.342590071130411 17.60812254669933 92.36869817203271 7.285533507813021 93.11368436776209 89.75843699808554 94.56279942879894 43.962182605907905 54.523213184079616 46.439683668029296 49.527824808320744 12.705663737161828 3.525688424343538 
88.87534750687813 97.09182324976518 17.338748514750176 13.537996495103954 17.6074180779271 94.33982646012348 7.782364495741439 96.2812234241139 87.23791927307865 81.2008548751683 43.962191009013 54.53753603361272 46.43964930421681 49.186270630800315 5.074988843339784 3.1198489260842734 
89.07493339168613 92.72726531453154 7.09899384402329 5.461378878932033 17.607424566691567 94.06083805783933 10.911154474305347 89.23018800531884 89.6362591667709 85.67064091247306 43.962182605907905 47.667969680099596 45.75998090561472 53.7960779521938 5.1307897955739 2.103200328610407 
88.73218885203879 86.99017054422876 6.224314708750461 7.587329562194915 17.60742446756797 94.06651827811966 10.326327035071309 92.73767544707778 90.64270333607415 81.07016501679209 43.962182605907905 54.521896668215966 46.29320110473943 45.287698038965345 4.073818796380618 4.322863870458011 
